======================================================================
AI TECHNICAL MARKET DATA
======================================================================

Generated automatically by GitHub Actions
Data source: Yahoo Finance via yfinance
Historical period: latest 60 trading days


======================================================================
SMH
======================================================================

Date,Close,SMA50,SMA100,SMA150,SMA200,RSI14,MACD,MACD_Signal,MACD_Hist,ADX14,ATR14
2026-05-28,599.830017,480.625201,440.196701,411.663867,387.259050,71.391393,30.648267,30.401349,0.246918,34.730018,19.004430
2026-05-29,598.929993,484.730400,442.410101,413.399400,388.753200,70.935408,30.478120,30.416703,0.061417,35.287784,18.694826
2026-06-01,607.809998,488.988200,444.612001,415.152800,390.285850,72.782534,30.705862,30.474535,0.231327,35.489457,18.812336
2026-06-02,632.210022,493.937601,447.083901,417.026601,391.937300,77.090812,32.480809,30.875790,1.605019,36.282766,19.237170
2026-06-03,637.900024,498.868401,449.673101,418.879667,393.648550,77.966688,33.955188,31.491669,2.463518,37.297650,19.210233
2026-06-04,627.530029,503.527202,452.056201,420.642468,395.301900,72.524559,33.896138,31.972563,1.923575,36.849087,20.215933
2026-06-05,569.690002,506.940602,453.846501,421.983001,396.696000,51.099882,28.849575,31.347965,-2.498391,34.548121,22.903368
2026-06-08,598.159973,511.287002,455.912801,423.545868,398.242000,57.720549,26.838053,30.445983,-3.607930,32.411510,23.875271
2026-06-09,591.010010,515.622202,457.939401,425.065801,399.759750,55.681606,24.385860,29.233958,-4.848098,31.145914,26.386325
2026-06-10,570.909973,519.789802,459.684401,426.431201,401.146100,50.302144,20.583303,27.503827,-6.920524,29.970718,26.675874
2026-06-11,609.450012,524.310802,461.775001,428.142467,402.723750,58.567605,20.443943,26.091850,-5.647907,28.262042,27.678313
2026-06-12,619.960022,528.870602,464.070701,429.878868,404.339800,60.497060,20.940184,25.061517,-4.121333,26.384372,27.302003
2026-06-15,647.099976,533.966202,466.522401,431.852267,406.087000,65.026313,23.255353,24.700284,-1.444931,25.576861,27.443286
2026-06-16,616.000000,538.366602,468.654201,433.638134,407.672600,56.966055,22.323303,24.224888,-1.901585,23.843222,27.790908
2026-06-17,623.969971,542.848001,470.893000,435.406001,409.341000,58.389511,21.974450,23.774800,-1.800351,22.233414,27.770129
2026-06-18,659.880005,547.587201,473.503600,437.464867,411.208000,64.144361,24.315328,23.882906,0.432422,21.500612,28.631550
2026-06-22,668.909973,552.359200,476.120200,439.554067,413.120400,65.438782,26.592592,24.424843,2.167749,21.096935,27.440011
2026-06-23,622.049988,556.062600,478.174400,441.402267,414.781350,54.452803,24.335605,24.406995,-0.071391,20.125515,29.168579
2026-06-24,618.919983,559.574200,480.188400,443.228534,416.409550,53.803065,22.040294,23.933655,-1.893361,19.574144,28.442252
2026-06-25,636.880005,563.271800,482.522600,445.205734,418.111350,56.975415,21.423510,23.431626,-2.008116,18.203372,28.989236
2026-06-26,611.609985,566.444000,484.559000,447.061200,419.680350,51.605725,18.680291,22.481359,-3.801068,17.046252,28.910005
2026-06-29,631.979980,569.987599,486.902000,449.011467,421.336100,55.265656,17.943121,21.573711,-3.630591,16.409126,29.494293
2026-06-30,655.890015,573.822200,489.640700,451.216733,423.095900,59.169049,19.068439,21.072657,-2.004218,15.598351,29.370415
2026-07-01,620.460022,576.952200,492.034600,453.178934,424.676600,51.937113,16.906470,20.239420,-3.332949,14.673895,29.934673
2026-07-02,592.289978,579.504800,493.941000,454.866733,426.102200,47.016580,12.772771,18.746090,-5.973319,14.867340,31.017913
2026-07-06,604.299988,582.054200,495.917500,456.628667,427.587650,49.225210,10.346622,17.066196,-6.719574,15.046967,30.653780
2026-07-07,581.450012,584.046200,497.684400,458.186933,428.968650,45.351708,6.505093,14.953976,-8.448882,16.119433,31.140650
2026-07-08,593.000000,585.777400,499.466600,459.791733,430.348800,47.596405,4.342583,12.831697,-8.489114,16.757142,30.342034
2026-07-09,607.729980,587.806799,501.482800,461.490200,431.808900,50.394829,3.773861,11.020130,-7.246269,16.489391,29.972602
2026-07-10,611.030029,590.203200,503.515900,463.167534,433.253200,51.025818,3.548527,9.525809,-5.977283,16.477718,29.203842
2026-07-13,585.619995,591.924000,505.297000,464.642534,434.572800,46.157213,1.304532,7.881554,-6.577022,16.800382,29.113568
2026-07-14,600.309998,593.795800,507.174600,466.233934,435.968800,49.176343,0.703402,6.445924,-5.742521,16.728121,28.696886
2026-07-15,590.770020,595.414800,508.980300,467.742934,437.317350,47.320613,-0.536609,5.049417,-5.586026,17.111339,29.015683
2026-07-16,568.919983,596.657400,510.519200,469.078734,438.552850,43.291150,-3.245034,3.390527,-6.635561,17.706104,28.823134
2026-07-17,556.530029,597.334200,511.955700,470.328934,439.722200,41.151303,-6.318412,1.448739,-7.767151,18.903668,29.057909
2026-07-20,558.830017,597.515601,513.352401,471.560467,440.884550,41.727128,-8.470850,-0.535179,-7.935671,19.778649,28.142344
2026-07-21,584.080017,598.395201,514.931601,472.981734,442.136500,47.769386,-8.046454,-2.037434,-6.009020,20.014424,28.072889
2026-07-22,586.909973,598.802601,516.680600,474.533667,443.379850,48.414980,-7.396501,-3.109247,-4.287254,19.976332,27.543400
2026-07-23,580.169983,598.879801,518.418600,476.048800,444.597300,46.927252,-7.340651,-3.955528,-3.385123,19.940960,26.498155
2026-07-24,561.190002,598.878601,519.966600,477.443800,445.686350,42.926930,-8.727312,-4.909885,-3.817427,20.425193,26.296858
2026-07-27,548.549988,598.400400,521.541500,478.839200,446.743850,40.453699,-10.722592,-6.072426,-4.650165,21.423579,26.726368
2026-07-28,529.599976,597.425599,522.846500,480.054867,447.661500,37.010905,-13.675332,-7.593007,-6.082324,22.741231,26.981626
2026-07-29,504.220001,596.383199,523.935200,481.041467,448.456550,32.964531,-17.857501,-9.645906,-8.211595,24.271577,27.092937
2026-07-30,538.900024,596.238000,525.518600,482.236133,449.524350,42.254742,-18.164128,-11.349550,-6.814577,25.058519,28.044871
2026-07-31,540.530029,596.169400,526.980200,483.418600,450.528250,42.656991,-18.067335,-12.693107,-5.374227,24.996723,27.913095
2026-08-03,545.460022,595.785401,528.461501,484.627200,451.588050,43.929199,-17.392328,-13.632952,-3.759377,25.221836,27.613587
2026-08-04,575.710022,595.942001,530.208301,486.026201,452.757700,51.098310,-14.252169,-13.756795,-0.495374,24.156512,28.010472
2026-08-05,569.700012,595.809601,532.024001,487.396134,453.889700,49.737654,-12.108943,-13.427225,1.318282,22.925284,27.196867
2026-08-06,571.479980,595.196401,533.865501,488.783934,455.032950,50.160939,-10.149792,-12.771738,2.621946,22.073164,26.744947
2026-08-07,582.700012,594.940401,535.753301,490.267734,456.210350,52.856088,-7.604132,-11.738217,4.134085,21.049010,25.878169
2026-08-10,569.409973,594.332000,537.478600,491.575134,457.330900,49.445300,-6.583187,-10.707211,4.124024,20.210966,25.246869
2026-08-11,572.929993,593.812000,539.271200,492.877401,458.502550,50.359000,-5.427479,-9.651264,4.223785,19.433933,24.117092
2026-08-12,584.830017,593.352401,541.170300,494.192134,459.702701,53.423744,-3.510869,-8.423185,4.912316,18.159124,23.654444
2026-08-13,589.119995,592.490600,543.214100,495.552801,460.892600,54.513988,-1.627021,-7.063952,5.436931,17.074712,22.901983
2026-08-14,587.820007,591.489000,545.178701,496.945067,462.032000,54.100721,-0.236233,-5.698409,5.462176,15.919394,21.870415
2026-08-17,594.070007,590.819799,547.173501,498.310734,463.186801,55.834261,1.354684,-4.287790,5.642474,15.306308,21.204670
2026-08-18,569.770020,590.821400,548.881001,499.504801,464.192601,48.210332,0.647229,-3.300786,3.948016,14.972713,21.935765
2026-08-19,560.919983,590.076600,550.681801,500.634067,465.178551,45.759664,-0.620405,-2.764710,2.144305,14.904975,21.834640
2026-08-20,562.650024,589.509400,552.565801,501.796068,466.176701,46.333965,-1.468487,-2.505466,1.036978,14.842077,20.899308
2026-08-21,560.419983,589.299600,554.544701,502.889467,467.148301,45.662812,-2.294099,-2.463192,0.169093,14.608987,20.338289

======================================================================
QQQ
======================================================================

Date,Close,SMA50,SMA100,SMA150,SMA200,RSI14,MACD,MACD_Signal,MACD_Hist,ADX14,ATR14
2026-05-28,735.599976,650.063000,631.460099,626.442466,617.054749,76.417947,21.260405,21.430215,-0.169809,37.020564,10.652910
2026-05-29,738.309998,652.931200,632.663300,627.327933,617.846049,77.189902,21.469613,21.438095,0.031519,37.772639,10.347702
2026-06-01,742.739990,655.925599,633.856500,628.208999,618.658049,78.432756,21.742245,21.498925,0.243320,38.662848,10.298583
2026-06-02,746.159973,659.207599,635.077899,629.069399,619.489399,79.367414,21.980889,21.595317,0.385571,39.527580,10.077971
2026-06-03,744.210022,662.331799,636.315300,629.843532,620.323749,77.310202,21.761815,21.628617,0.133198,40.440576,9.903832
2026-06-04,740.609985,665.464399,637.454899,630.561466,621.141249,73.521263,21.054995,21.513893,-0.458897,40.054485,10.024274
2026-06-05,705.059998,667.809199,638.233799,631.023399,621.820149,48.331340,17.425380,20.696190,-3.270810,37.505221,11.900396
2026-06-08,716.070007,670.654800,639.132100,631.623532,622.570999,53.630196,15.261375,19.609227,-4.347852,35.138048,12.333941
2026-06-09,707.830017,673.559800,640.014900,632.148599,623.293749,49.535731,12.734690,18.234320,-5.499629,34.593077,14.259372
2026-06-10,693.690002,676.267999,640.734000,632.559332,623.902349,43.410897,9.481991,16.483854,-7.001863,34.087032,14.551563
2026-06-11,717.119995,679.066799,641.692599,633.211799,624.636349,53.639780,8.694582,14.926000,-6.231418,32.985435,15.275022
2026-06-12,721.340027,681.807400,642.825400,633.865532,625.379999,55.210155,8.315223,13.603844,-5.288621,31.487139,15.093233
2026-06-15,744.000000,684.987800,644.102599,634.747732,626.232549,62.546482,9.730878,12.829251,-3.098373,29.834882,15.688001
2026-06-16,729.859985,687.815000,645.193599,635.548532,626.996449,56.344560,9.601137,12.183628,-2.582491,27.773847,15.608855
2026-06-17,722.510010,690.493400,646.191500,636.210399,627.756999,53.381536,8.803751,11.507653,-2.703902,26.274263,15.553224
2026-06-18,740.619995,693.183999,647.343099,637.004066,628.631999,59.090119,9.523362,11.110795,-1.587433,24.464976,15.821565
2026-06-22,737.950012,695.739199,648.411299,637.783199,629.471399,57.963187,9.765641,10.841764,-1.076123,22.892473,15.481453
2026-06-23,713.650024,697.790800,649.215600,638.484866,630.163499,48.834792,7.905711,10.254553,-2.348842,22.412967,16.221351
2026-06-24,710.619995,699.655399,650.027500,639.163266,630.836299,47.823426,6.116696,9.426982,-3.310286,22.345377,16.168396
2026-06-25,716.380005,701.411000,650.972600,639.914733,631.523849,49.945607,5.104828,8.562551,-3.457723,21.782317,16.551370
2026-06-26,706.520020,702.793400,651.776400,640.649466,632.153899,46.461901,3.467327,7.543506,-4.076179,21.393393,16.338415
2026-06-29,724.080017,704.465601,652.852000,641.477533,632.870799,52.778929,3.545669,6.743939,-3.198270,20.377674,16.557817
2026-06-30,736.400024,706.216602,654.158500,642.482400,633.632399,56.644105,4.549434,6.305038,-1.755604,19.246004,16.354403
2026-07-01,725.169983,707.784202,655.439900,643.383066,634.324949,52.431230,4.388170,5.921664,-1.533494,18.195168,16.029092
2026-07-02,712.599976,709.149601,656.469399,644.099333,634.929549,48.117384,3.209081,5.379148,-2.170067,17.632211,16.546301
2026-07-06,722.820007,710.503801,657.554399,644.858866,635.587749,51.603861,3.063996,4.916117,-1.852122,17.109464,16.327282
2026-07-07,709.429993,711.664001,658.534000,645.493266,636.184899,47.134765,1.847258,4.302345,-2.455087,17.366029,16.441047
2026-07-08,711.440002,712.615201,659.517300,646.107866,636.765499,47.864678,1.033265,3.648529,-2.615264,17.804940,16.077403
2026-07-09,723.280029,713.796202,660.743700,646.815267,637.385150,52.063315,1.328249,3.184473,-1.856224,17.306432,15.842587
2026-07-10,725.510010,715.155403,661.979600,647.505333,638.001700,52.833759,1.722116,2.892002,-1.169886,16.688626,15.381689
2026-07-13,711.739990,716.158802,663.084000,648.093466,638.569399,47.732206,0.912613,2.496124,-1.583511,16.527574,15.385139
2026-07-14,719.690002,717.197803,664.223000,648.738466,639.187350,50.692416,0.902175,2.177334,-1.275159,16.102078,15.039771
2026-07-15,717.739990,718.069602,665.365701,649.353533,639.808399,49.945217,0.728160,1.887499,-1.159339,15.964994,14.974788
2026-07-16,705.940002,718.730802,666.337001,649.897933,640.358250,45.568145,-0.357784,1.438443,-1.796227,16.295162,14.985875
2026-07-17,695.330017,719.005203,667.276201,650.366466,640.841250,42.003675,-2.050899,0.740574,-2.791473,17.414190,15.285455
2026-07-20,696.059998,719.011002,668.158101,650.822800,641.319700,42.337874,-3.295809,-0.066702,-3.229106,18.142811,14.941492
2026-07-21,708.969971,719.291602,669.081001,651.378733,641.848300,48.040427,-3.203751,-0.694112,-2.509639,18.442967,14.873527
2026-07-22,705.349976,719.174001,670.042101,651.990266,642.346400,46.647356,-3.383891,-1.232068,-2.151823,18.721684,14.241849
2026-07-23,691.960022,718.747402,670.888801,652.533066,642.790300,41.817043,-4.554607,-1.896576,-2.658032,19.820175,14.478859
2026-07-24,684.229980,718.287202,671.650201,653.016266,643.172899,39.287785,-6.036573,-2.724575,-3.311998,21.084266,14.169657
2026-07-27,682.119995,717.635402,672.455601,653.561000,643.560949,38.601466,-7.297182,-3.639096,-3.658085,22.544838,14.325394
2026-07-28,675.489990,716.749402,673.103000,654.003533,643.881199,36.446955,-8.730569,-4.657391,-4.073178,24.230091,14.319294
2026-07-29,661.729980,715.805402,673.631201,654.301400,644.136349,32.404544,-10.851764,-5.896265,-4.955498,26.049540,14.647199
2026-07-30,683.549988,715.358801,674.469200,654.730333,644.606599,43.168859,-10.649374,-6.846887,-3.802487,27.195008,15.271686
2026-07-31,687.989990,715.088000,675.271500,655.169533,645.036499,45.085194,-10.015259,-7.480561,-2.534697,27.211159,15.303711
2026-08-03,700.070007,714.826400,676.194500,655.677133,645.546849,50.022899,-8.440662,-7.672582,-0.768081,26.704972,15.337019
2026-08-04,723.849976,715.013199,677.356100,656.343533,646.154999,58.024237,-5.213837,-7.180833,1.966996,25.103656,16.069372
2026-08-05,717.299988,715.008400,678.556500,656.986399,646.741549,55.393576,-3.148786,-6.374423,3.225637,23.791172,15.751559
2026-08-06,714.650024,714.695800,679.765800,657.621200,647.295149,54.320566,-1.706379,-5.440814,3.734436,22.178097,15.399306
2026-08-07,723.030029,714.567400,680.992300,658.346000,647.852599,57.147463,0.111649,-4.330322,4.441971,20.792338,14.940782
2026-08-10,720.869995,714.272800,682.167900,659.064333,648.400049,56.182324,1.362447,-3.191768,4.554215,19.575905,14.183581
2026-08-11,718.450012,713.875601,683.403400,659.734067,648.964850,55.060386,2.133843,-2.126646,4.260489,18.266283,13.731181
2026-08-12,723.700012,713.494801,684.710200,660.402600,649.530450,57.063596,3.132700,-1.074777,4.207476,17.163913,13.378953
2026-08-13,732.070007,713.213002,686.210300,661.122933,650.105300,60.116028,4.547271,0.049633,4.497638,16.621894,13.156171
2026-08-14,731.070007,712.950201,687.641000,661.860267,650.620200,59.571129,5.523961,1.144498,4.379462,16.149374,12.650017
2026-08-17,729.869995,712.735402,689.099901,662.548400,651.104950,58.881407,6.130495,2.141698,3.988797,15.725151,12.125729
2026-08-18,717.510010,712.984402,690.396801,663.150667,651.513650,52.180094,5.549855,2.823329,2.726526,15.023459,12.256035
2026-08-19,716.080017,712.984602,691.819701,663.749600,651.963800,51.450516,4.917618,3.242187,1.675431,14.624396,12.015605
2026-08-20,710.929993,713.046602,693.303201,664.358800,652.373100,48.803953,3.955406,3.384831,0.570575,14.561826,11.697348
2026-08-21,713.440002,713.441602,694.854800,664.969867,652.779900,50.149844,3.356689,3.379202,-0.022513,14.429661,11.323881

======================================================================
VIX
======================================================================

Date,Close,SMA20,SMA50,SMA200
2026-05-28,15.740000,17.333000,20.126600,18.376550
2026-05-29,15.320000,17.249500,19.951800,18.380700
2026-06-01,16.049999,17.137500,19.737200,18.386800
2026-06-02,15.770000,17.057000,19.529600,18.390200
2026-06-03,16.059999,16.990500,19.311800,18.395550
2026-06-04,15.400000,16.906500,19.113200,18.394700
2026-06-05,21.510000,17.122500,18.994600,18.423800
2026-06-08,18.920000,17.149500,18.752000,18.435400
2026-06-09,19.870001,17.243500,18.537200,18.463650
2026-06-10,22.219999,17.461000,18.476600,18.500800
2026-06-11,19.440001,17.570000,18.374600,18.524900
2026-06-12,17.680000,17.532500,18.250800,18.539050
2026-06-15,16.200001,17.451500,18.091400,18.547900
2026-06-16,16.410000,17.369000,17.904000,18.553150
2026-06-17,18.440001,17.419000,17.852000,18.559500
2026-06-18,16.400000,17.401000,17.790200,18.559750
2026-06-22,17.280001,17.430000,17.751200,18.569650
2026-06-23,19.490000,17.575000,17.758600,18.591200
2026-06-24,18.629999,17.656000,17.764000,18.608800
2026-06-25,18.889999,17.786000,17.778400,18.628050
2026-06-26,18.410000,17.919500,17.787800,18.643350
2026-06-29,17.650000,18.036000,17.791200,18.658050
2026-06-30,16.450001,18.056000,17.742800,18.666500
2026-07-01,16.590000,18.097000,17.684600,18.671000
2026-07-02,16.150000,18.101500,17.629200,18.669950
2026-07-06,15.570000,18.110000,17.554400,18.669200
2026-07-07,16.129999,17.841000,17.502800,18.671350
2026-07-08,16.900000,17.740000,17.480400,18.678600
2026-07-09,15.840000,17.538500,17.440600,18.677300
2026-07-10,15.030000,17.179000,17.365000,18.669250
2026-07-13,17.160000,17.065000,17.370400,18.674150
2026-07-14,16.500000,17.006000,17.360600,18.672950
2026-07-15,15.670000,16.979500,17.308200,18.674850
2026-07-16,16.730000,16.995500,17.295200,18.677900
2026-07-17,18.770000,17.012000,17.322800,18.690350
2026-07-20,18.650000,17.124500,17.354200,18.702150
2026-07-21,17.049999,17.113000,17.351400,18.704250
2026-07-22,16.639999,16.970500,17.316600,18.704200
2026-07-23,18.700001,16.974000,17.330800,18.715850
2026-07-24,18.580000,16.958500,17.345000,18.722550
2026-07-27,18.670000,16.971500,17.373200,18.734400
2026-07-28,18.209999,16.999500,17.368800,18.743300
2026-07-29,20.660000,17.210000,17.425600,18.738300
2026-07-30,17.090000,17.235000,17.406200,18.728600
2026-07-31,15.990000,17.227000,17.377200,18.704500
2026-08-03,15.860000,17.241500,17.359200,18.680600
2026-08-04,16.500000,17.260000,17.355200,18.636550
2026-08-05,15.810000,17.205500,17.339600,18.611700
2026-08-06,15.150000,17.171000,17.302400,18.596300
2026-08-07,14.900000,17.164500,17.274600,18.581450
2026-08-10,15.460000,17.079500,17.269000,18.565750
2026-08-11,15.280000,17.018500,17.268200,18.555650
2026-08-12,14.550000,16.962500,17.238200,18.546550
2026-08-13,14.630000,16.857500,17.215400,18.540750
2026-08-14,14.250000,16.631500,17.179200,18.529900
2026-08-17,15.190000,16.458500,17.175000,18.521250
2026-08-18,15.840000,16.398000,17.061600,18.515900
2026-08-19,14.890000,16.310500,16.981000,18.503150
2026-08-20,16.010000,16.176000,16.903800,18.497350
2026-08-21,15.130000,16.003500,16.762000,18.478000

======================================================================
VIX3M
======================================================================

Date,Close,SMA20,SMA50,SMA200